62.417741 69.131906
58.537920 44.384233
57.790444 80.254015
65.217066 38.992736
50.115804 91.780760
68.989062 50.444650
66.961686 81.846405
63.494417 56.318437
69.305675 76.862618
57.371086 42.296526
59.980079 61.698220
60.280642 59.864774
66.701479 82.448893
55.185262 67.443022
67.505686 104.523152
50.505325 53.437017
69.997997 49.031358
53.690065 37.959556
60.458416 38.462890
60.421105 71.506379
54.831637 71.794359
53.305944 47.186107
62.122652 65.930260
62.248482 55.029990
56.501410 55.402635
63.450139 56.202426
63.733108 73.830852
60.682009 44.193035
50.642199 67.230472
58.859497 10.891413
65.804615 57.946045
59.234696 97.581677
59.896189 63.603832
59.421533 33.965208
50.805402 58.218657
61.617919 81.739864
63.849455 40.205712
64.055493 50.278176
51.015427 80.085661
59.480442 56.266619
60.188468 49.381022
55.594851 76.861530
55.884978 80.481061
54.000800 68.958092
55.737247 61.443398
52.600162 84.201429
69.405253 31.541341
53.787725 94.616769
63.857895 32.499882
54.977697 76.938896
55.215025 84.558569
59.260050 45.895301
67.331881 73.484086
58.103749 45.302050
50.762331 100.233862
56.635875 78.586255
59.405012 91.138955
50.829031 22.473968
55.647963 61.445236
62.654438 82.234944
66.869392 78.463701
51.483564 63.770340
60.135363 55.727187
54.843086 7.158193
53.899972 74.933391
53.553559 71.901765
69.757313 40.453414
51.439488 73.336438
67.144924 54.480108
57.540157 58.270379
60.937981 79.030283
68.564267 46.774392
67.297919 78.959345
52.918210 48.840750
58.764583 55.258605
67.816663 68.651377
67.904678 38.105503
67.843368 37.558119
51.181913 34.214270
69.731855 51.211260
56.819704 65.988960
56.726175 65.056039
60.717898 49.248104
64.642949 55.927157
57.657656 60.664505
50.994352 90.164686
61.717280 75.294814
63.661782 58.064725
58.073623 55.661695
57.965348 68.720035
60.491412 81.116170
57.106518 59.126666
53.456196 82.539433
57.174300 64.323582
53.962809 94.188414
65.621290 48.882185
61.657676 57.170111
54.456037 78.230735
64.015058 61.916157
51.285771 39.104091
95.939171 1.374913
87.932400 37.577295
89.170969 44.741942
80.752627 36.638235
99.151695 29.667977
84.016322 8.218266
87.355126 -7.723453
80.610978 41.624808
96.589962 2.997152
80.884374 29.499684
96.431169 -3.851680
97.435307 24.660022
87.916406 -14.900282
98.094679 25.490945
99.452551 -19.165579
87.989307 20.908780
93.216075 3.160954
97.568732 56.195815
95.711198 29.588244
98.530487 8.477277
90.901505 -3.208324
83.399357 15.471199
92.199976 10.254968
93.756305 1.367753
89.209048 12.300245
93.442988 10.092755
88.398758 36.762592
94.256577 12.279597
91.775616 22.165968
92.843124 21.661926
89.045738 18.980482
94.556305 8.263483
87.686547 12.340724
96.790664 27.615436
94.309174 21.288789
84.449231 16.184627
86.404251 24.251503
88.547710 24.037825
90.558247 18.312448
91.471473 -8.094901
92.055611 36.805219
81.728129 50.913417
94.558505 27.018725
88.033847 71.197000
96.827875 10.201132
90.259312 32.070739
97.716954 10.885967
87.993267 18.527218
93.477592 11.915910
81.582953 -6.932351
89.029121 3.152472
81.105527 5.999658
90.548213 16.809426
96.058394 -1.246604
99.546787 47.863681
84.529132 52.929979
97.838180 -18.050783
89.450744 36.014142
87.059855 3.921385
90.926299 49.317358
84.014897 26.683041
82.621084 -18.286087
89.468359 -5.002562
95.756654 36.516255
99.783103 29.429719
81.532875 17.244706
96.079202 6.690694
87.006375 7.498347
90.906844 21.760209
91.820608 33.220100
90.191132 -0.776704
91.002847 18.279327
88.508987 40.985987
96.742596 48.001981
81.326939 33.688446
85.965885 23.370177
88.505466 4.437016
89.842333 45.186531
98.869312 26.117967
80.634342 6.636877
85.885947 21.007567
91.802031 4.901922
95.062459 21.053453
92.800888 29.003481
89.405390 18.693608
93.147513 42.874867
97.778527 12.734969
90.924462 -2.641174
99.248444 41.357398
99.604483 23.965029
99.648080 -18.604521
87.382825 43.657699
84.617526 19.119210
92.518212 2.256467
89.093568 61.657744
91.756553 18.199688
96.292364 21.998655
99.849954 12.886865
83.019080 -1.910306
90.336504 -17.388531
